-71.1036486768114|42.3734149598429|1
-71.1045453418708|42.3706660839192|2
-71.0938636334631|42.3591520086362|3
-71.098393192581|42.3473230284102|4
-71.1014483043058|42.3441624952097|5
-71.1021884992728|42.344820020158|6
-71.1022172093023|42.3448323140003|7
-71.102110890024|42.3446506455908|8
-71.1020961211118|42.3446127128754|9
-71.1021075865098|42.3447097129079|10
-71.1020765592894|42.3445751057921|11
-71.102220165897|42.3448842474786|12
-71.1022009056721|42.3448016326957|13
-71.1022032699009|42.3448338802461|14
-71.1021881956884|42.3447815779101|15
-71.1022317108382|42.3448669293877|16
-71.1022312512256|42.3448910782386|17
-71.1020150083522|42.3437897114045|18
-71.1020150083522|42.3437897114045|19
-71.0992381530015|42.3442118977036|20
-71.1022409496813|42.3448746104882|21
-71.1021601626231|42.3448157040275|22
-71.1022134708883|42.3448201352008|23
-71.1021802934369|42.3448318515594|24
-71.1021719353163|42.3448180773688|25
-71.1021819008126|42.3448302047606|26
-71.1022149266127|42.3448339126778|27
-71.1022025966735|42.344832809535|28
-71.102200850492|42.3448735191081|29
-71.1022024598467|42.3448300484433|30
-71.1021988397435|42.3448439139433|31
-71.1022025996652|42.3448435527914|32
-71.1022485327638|42.3448550189308|33
-71.1022577989505|42.3449558268682|34
-71.1021698800268|42.3449033145754|35
-71.102168910433|42.3449085786244|36
-71.1021796990126|42.3448576496023|37
-71.1022552030619|42.3449305896807|38
-71.1023492525271|42.3449364903138|39
-71.1022226354478|42.3448557436025|40
-71.1038654762835|42.3443723790815|41
-71.1038630148917|42.3443675676121|42
-71.1037719064143|42.3444580652311|43
-71.103863756841|42.344403140249|44
-71.1038495109493|42.3443784693667|45
-71.1039876167963|42.3446651625572|46
-71.1038482357109|42.3449072351793|47
-71.1039471619068|42.3447188809395|48
-71.1035860149484|42.3445242092367|49
-71.1033311815878|42.3444990267855|50
-71.102178605742|42.3448205960685|51
-71.1022174318369|42.3448541412028|52
-71.102182040827|42.3448075131255|53
-71.1022110283434|42.3448615085861|54
-71.102219213306|42.3448533476763|55
-71.1022059538006|42.3448136930872|56
-71.1021750666096|42.3448769267411|57
-71.1021641205692|42.3448025618417|58
-71.1021757392653|42.3447979614249|59
-71.1022002530015|42.3448186414711|60
-71.1022110247157|42.344843908502|61
-71.088763605908|42.3491932061781|62
-71.0987128783679|42.3654934857435|63
-71.1047729537572|42.3724901562221|64
-71.1039799434592|42.3736276781557|65
-71.1034803520827|42.3733324780585|66
-71.1037122602458|42.3733847734221|67
-71.1038326832877|42.3734138230453|68
-71.1015208997495|42.3696333077199|69
-71.0869271681375|42.3638215475179|70
-71.08977751813|42.3578626010961|71
-71.0999664758063|42.3631459242127|72
-71.1046758412188|42.3708114588573|73
-71.1043579225159|42.3708474263943|74
-71.1036655236773|42.3732911519966|75
-71.1032583092037|42.3734084343755|76
-71.1035083490165|42.3733164862223|77
-71.1036218081057|42.373314474438|78
-71.1036907922075|42.3734142167592|79
-71.1040791243075|42.3734223611049|80
-71.1039168794488|42.37349207423|81
-71.1041065354279|42.3735268255487|82
-71.1040204435302|42.3735232605469|83
-71.1041855180008|42.373480895864|84
-71.1039433459736|42.3736006138372|85
-71.1040560832354|42.3734855384256|86
-71.1041578599941|42.3735983202065|87
-71.1040513124979|42.3733842093892|88
-71.104127790901|42.3734123157621|89
-71.1039156152311|42.3735990656589|90
-71.1041210107778|42.373528162921|91
-71.1041300238907|42.3734944180165|92
-71.1037181318468|42.3734076787181|93
-71.1039669162504|42.3734693362216|94
-71.1038229894555|42.3733713850773|95
-71.1039821548233|42.3734398266076|96
-71.1039565792276|42.3734494942831|97
-71.1039318870939|42.3734214864156|98
-71.1038673270096|42.3733862184452|99
-71.1038565286|42.3734448794493|100
-71.103933538183|42.3734455954855|101
-71.1039587771882|42.3734649790773|102
-71.1038977293322|42.3735089097033|103
-71.1038954803031|42.3734556448947|104
-71.1040749849794|42.3735275461089|105
-71.1039590236056|42.3734420013705|106
-71.1039085206955|42.3734213558795|107
-71.1040230111636|42.3734556290703|108
-71.1039464382666|42.3734159162609|109
-71.104018224608|42.3734543097021|110
-71.103935659062|42.3734344383636|111
-71.1039306843493|42.3734309743417|112
-71.1039414641687|42.3734195265453|113
-71.1039910970543|42.3734273666841|114
-71.1040028535417|42.3733923255759|115
-71.1039931046683|42.3734529037195|116
-71.1039514778435|42.3734301822865|117
-71.1038991348049|42.3734416114016|118
-71.1039941466221|42.3734671471167|119
-71.1039958400063|42.3734854219733|120
-71.1039687955411|42.3734737688206|121
-71.1039609213705|42.3734321569572|122
-71.1039065586019|42.3734722095527|123
-71.103952438911|42.3734390967154|124
-71.1040115779765|42.3734254374899|125
-71.1039556975041|42.3734239006067|126
-71.1039344907954|42.3734200222962|127
-71.1040316995099|42.3733742143515|128
-71.1039496355865|42.3734080208505|129
-71.1039760070678|42.3734305699208|130
-71.103929465885|42.3734058024917|131
-71.1039419836975|42.3734427477829|132
-71.1040026584947|42.3734376880593|133
-71.1039556762669|42.3734648660022|134
-71.1040124834111|42.3734142037068|135
-71.1039682286282|42.3734593562417|136
-71.1038696107947|42.3733919148722|137
-71.1039896530014|42.3734700221997|138
-71.1040053155848|42.3734449694669|139
-71.1039402620272|42.3734294957736|140
-71.1038082707794|42.3734749089239|141
-71.1038699281133|42.3733093589939|142
-71.1036785642177|42.3733894636618|143
-71.1035941288474|42.3732540411275|144
-71.1036965806416|42.3733512494424|145
-71.1043856666154|42.3708128091342|146
-71.0966324061817|42.3611762607865|147
-71.0947001899526|42.3479290319064|148
-71.102354573927|42.3449440088321|149
-71.1021651373155|42.3447823146289|150
-71.1022769336147|42.3449046401041|151
-71.1022255889811|42.3448925961387|152
-71.1021386591855|42.344759273953|153
-71.1021071424421|42.3447490144755|154
-71.1021741961838|42.3448306890459|155
-71.1021311392184|42.3448212962854|156
-71.1021847893129|42.3448592057193|157
-71.1021151307351|42.3447864770339|158
-71.102165638154|42.3448187211286|159
-71.1021561717594|42.34477972118|160
-71.1021805646823|42.3448833300049|161
-71.1021996419706|42.3448326550395|162
-71.1028718953028|42.3447459068334|163
-71.102161203444|42.344819687465|164
-71.1022468590422|42.3448851227705|165
-71.1021702067114|42.3437071832784|166
-71.1020571843272|42.3437570087686|167
-71.1020831533104|42.3438075750736|168
-71.1020616851557|42.3437624435601|169
-71.1021095298411|42.3437957897475|170
-71.1021041915738|42.3437720815345|171
-71.1021085351082|42.3448013272487|172
-71.1022305170752|42.3448041029863|173
-71.1021903720229|42.3449324983509|174
-71.102194604849|42.3448711640923|175
-71.1022200485747|42.3448466869325|176
-71.1021772027678|42.3448135704196|177
-71.1022175981555|42.3448563157912|178
-71.1022243341354|42.3448383302945|179
-71.1021444222284|42.3448049579467|180
-71.1038576345647|42.3443767656436|181
-71.1038626024392|42.3444008623787|182
-71.1038413626657|42.344415155196|183
-71.103823582911|42.3444262854018|184
-71.103861442873|42.3443907101295|185
-71.1038693962373|42.3443707665612|186
-71.1038749125338|42.344416141572|187
-71.103825855856|42.344425341606|188
-71.1022198397099|42.3448358141839|189
-71.1022216595092|42.3448430803096|190
-71.1022052781566|42.3448374651728|191
-71.1021520886639|42.3448544273617|192
-71.1021461708238|42.3448532647579|193
-71.1021689121867|42.3448545123083|194
-71.1021783641633|42.3448654574066|195
-71.1021788897082|42.3448171257971|196
-71.10150910556|42.3441319949081|197
-71.1016489497932|42.344153961504|198
-71.1015546714588|42.3441586784173|199
-71.1015144249819|42.3441494010228|200
-71.1015396370741|42.3441423473538|201
-71.1015545163865|42.3441510063226|202
-71.1021781895177|42.3448743294542|203
-71.1021376616394|42.3448568953999|204
-71.1021985846863|42.3448258755866|205
-71.1021841373728|42.3448474402259|206
-71.1025943278285|42.344968626684|207
-71.0887984064775|42.3494401596125|208
-71.1040063854969|42.3652878776587|209
-71.1043803021974|42.3727661697589|210
-71.1036547830368|42.3734033374099|211
-71.1038313170919|42.3734313220717|212
-71.103676235103|42.3734168091124|213
-71.1035978286486|42.3734516987091|214
-71.1036603715085|42.3733612299472|215
-71.1036869201295|42.3733371890041|216
-71.1033004231946|42.3734152427987|217
-71.1040944806493|42.3734620848824|218
-71.1040580519996|42.3735851283834|219
-71.1039001145735|42.3735420989165|220
-71.1039541240185|42.373617306983|221
-71.1037724465794|42.373441709245|222
-71.1039135184507|42.3734988352833|223
-71.1042447359041|42.3736057860774|224
-71.1037685070849|42.3734054156042|225
-71.1037769728071|42.3734974069915|226
-71.1040693942691|42.3735237236325|227
-71.1040607923011|42.3735443750552|228
-71.1041155297953|42.3735288596148|229
-71.1040951380639|42.3735666209511|230
-71.1040703354951|42.3735401590097|231
-71.1041244514617|42.3735168327154|232
-71.1038804827732|42.3734116189487|233
-71.1038441118515|42.3734284239284|234
-71.1039221880382|42.3734924400851|235
-71.1039251701678|42.3734215583139|236
-71.1039161583632|42.3734419994907|237
-71.1040141558619|42.3734550947513|238
-71.1040217087146|42.3735109287925|239
-71.1037885398335|42.3733451497204|240
-71.1038955407463|42.3734355721983|241
-71.1038854557832|42.3734293419523|242
-71.1039079214291|42.3733947151984|243
-71.1038960829106|42.3734232919347|244
-71.1039011058133|42.3734211660665|245
-71.1037649866856|42.3733077245228|246
-71.1039907982945|42.3734335495185|247
-71.10391367242|42.3734100542856|248
-71.1038979973841|42.3734029161427|249
-71.1040223543749|42.3734722715178|250
-71.1039699479127|42.3734504162035|251
-71.1038703421095|42.3734303681297|252
-71.1038952279675|42.373450801363|253
-71.1039117351244|42.3734383573841|254
-71.1039465334504|42.3734126717064|255
-71.1039914810822|42.3734955351323|256
-71.1039124157372|42.3734741042013|257
-71.1039412086363|42.3734466831373|258
-71.1038594157694|42.3734061963261|259
-71.1039832666817|42.3734686607212|260
-71.1039399574368|42.373429258699|261
-71.103847308017|42.3734938942944|262
-71.1038551311299|42.373427029071|263
-71.1037832881635|42.3734143087349|264
-71.1038036991917|42.3734781623857|265
-71.1038987576346|42.3734428800068|266
-71.1040326676059|42.3734302641649|267
-71.1040175459659|42.3734613912108|268
-71.1040473101886|42.3734986420352|269
-71.1040321449901|42.3734457955609|270
-71.1040487055692|42.373467244879|271
-71.1039312490584|42.3734324619824|272
-71.1038525364708|42.3734390803899|273
-71.1039187713758|42.3734564204457|274
-71.1039085193308|42.3734007927986|275
-71.1039154160958|42.3734505422354|276
-71.1040015285916|42.3734409071666|277
-71.1034944141152|42.3732993834588|278
-71.1037229933507|42.3733634222693|279
-71.1038164614933|42.373477175044|280
-71.1041290071836|42.3735333192309|281
-71.1038159507769|42.3734860883392|282
-71.1044397298909|42.370785651768|283
-71.1126440244718|42.3565141031306|284
-71.1127435137249|42.3564572073914|285
-71.1127021909422|42.3563869251333|286
-71.1100786258553|42.3401072774595|287
-71.1090701446599|42.3374061473108|288
-71.1098046887296|42.3374986395024|289
-71.1098287864563|42.3375256100368|290
-71.1098026694277|42.3374966996916|291
-71.1098030938424|42.3374968857018|292
-71.1098450353183|42.3375198128463|293
-71.1098079917309|42.3375431755156|294
-71.1098592175979|42.3375422476784|295
-71.1072019774001|42.3387680440224|296
-71.1021561362029|42.3447782733014|297
-71.1021777397349|42.344833669667|298
-71.1022036138558|42.3448593691864|299
-71.1021991077395|42.3448798206158|300
-71.10213510655|42.3448622347649|301
-71.1022430518598|42.3448721420306|302
-71.1022246726937|42.3448465456068|303
-71.1011279561288|42.3458157945819|304
-71.1029397520934|42.3441479370399|305
-71.1029220338472|42.3441920310268|306
-71.1029980940796|42.3442249896844|307
-71.1029428342033|42.3441661247615|308
-71.1030490177312|42.3441688310281|309
-71.1030750143058|42.3441626829307|310
-71.1021462475353|42.3448168047825|311
-71.1021845759216|42.3448221764953|312
-71.1022097246116|42.344849451892|313
-71.1021771320055|42.3448337998538|314
-71.1021418555789|42.3448145217795|315
-71.102176420729|42.3448324569165|316
-71.1021388361545|42.3447993020547|317
-71.1021493500362|42.3448191229746|318
-71.1033294670298|42.3446398614484|319
-71.1038164194736|42.3444308280611|320
-71.1038610194862|42.3443913646948|321
-71.1038543904875|42.3444077920872|322
-71.1038332318724|42.3444202983742|323
-71.103929581165|42.3444031948507|324
-71.103883103373|42.3443627661277|325
-71.1038533871833|42.3444092467273|326
-71.1038708355694|42.3443748843753|327
-71.1021048458898|42.3441229454237|328
-71.1019937395555|42.3441206024934|329
-71.1021381343453|42.344838393721|330
-71.1021422018767|42.3448295199587|331
-71.1021630873669|42.3447794626612|332
-71.1021147286244|42.3447862957906|333
-71.1020723094759|42.3447663762909|334
-71.1021344422105|42.3447672521076|335
-71.1022803707094|42.3449226857328|336
-71.1037124081139|42.3445065666351|337
-71.1038790495176|42.3443790258424|338
-71.1038735428386|42.3443708130272|339
-71.1038419809678|42.3444160410353|340
-71.103836576555|42.3443930146394|341
-71.103861750486|42.3444008212407|342
-71.1038614406661|42.3443789371582|343
-71.1020964642245|42.3447619790871|344
-71.1016683953947|42.3453308539539|345
-71.0900980386135|42.3398941715332|346
-71.0824015515175|42.3481362302213|347
-71.0822603858078|42.3477000823413|348
-71.0823816838542|42.348106317146|349
-71.0824133489252|42.3481600863577|350
-71.0839129200759|42.3487464122824|351
-71.0839405283994|42.3488678550742|352
-71.0852310197499|42.3489292157335|353
-71.0852131516385|42.3489272522879|354
-71.0851776337128|42.3489013537339|355
-71.0851939984393|42.3489286536431|356
-71.085207445814|42.3489240870388|357
-71.0858219379511|42.3489961429765|358
-71.0645207750316|42.3526915946698|359
-71.0641282074609|42.3533292825021|360
-71.0641268482759|42.3533278424612|361
-71.0641086322786|42.3533428499312|362
-71.0640988017363|42.3533506816072|363
-71.064104089417|42.3533512808606|364
-71.0641342982311|42.3533028813014|365
-71.0641175016966|42.3533117439902|366
-71.0641551554907|42.3532822310451|367
-71.0641256835866|42.3533096196347|368
-71.0641130130203|42.3533459413522|369
-71.0641076336336|42.3533361234962|370
-71.0641042071382|42.3533406059922|371
-71.0641322937495|42.3533206920407|372
-71.0640733731355|42.3533006568934|373
-71.0641087778574|42.353220074477|374
-71.1041935864633|42.373500415882|375
-71.1041309762627|42.3734542843186|376
-71.1040303647717|42.3735050234244|377
-71.1037990208481|42.373452476634|378
-71.1039988943019|42.3734533322623|379
-71.1039615015732|42.3733717487305|380
-71.1039027957942|42.3734239639483|381
-71.104002718013|42.3734352737357|382
-71.1037140247143|42.3733707983441|383
-71.1039656475504|42.3734740499531|384
-71.1037646514094|42.37333999485|385
-71.1039313398916|42.3734041871012|386
-71.1039513253218|42.3734646861533|387
-71.1039538554989|42.3734529346799|388
-71.1040389361349|42.3734462319783|389
-71.1040057144998|42.373487206354|390
-71.1037806608445|42.3732859315745|391
-71.1040204035883|42.3734688931859|392
-71.1038477078306|42.3734661293769|393
-71.1039871147992|42.3735042328141|394
-71.1038710131159|42.3734436224579|395
-71.1039281613161|42.3734551777992|396
-71.103972438789|42.3733091075368|397
-71.1039718394282|42.3734555076428|398
-71.1039285281755|42.3734257720138|399
-71.1040018784177|42.3734682984038|400
-71.1039946083595|42.3734532326946|401
-71.104049622786|42.3734562365183|402
-71.1038267613119|42.373345359268|403
-71.1039268642017|42.373454900257|404
-71.1039455970433|42.3734436157275|405
-71.1038820636112|42.3734908848808|406
-71.1039789074153|42.373427844958|407
-71.1038827420534|42.373468185053|408
-71.1037408468044|42.3733744863815|409
-71.1039103186782|42.3734955531444|410
-71.1038635288159|42.3734381021504|411
-71.1040159124148|42.3734648147025|412
-71.1038739931109|42.3734721836414|413
-71.1038887734041|42.3734786368253|414
-71.1038564332491|42.3734025657571|415
-71.1040533360524|42.3734829519828|416
-71.1038903100482|42.3734433538157|417
-71.1038911262972|42.3734803918592|418
-71.10395831956|42.3734100536208|419
-71.10396075462|42.3733585251691|420
-71.1037533358402|42.3733310681231|421
-71.1039100829613|42.3734577513051|422
-71.10385214964|42.3734271046474|423
-71.104069571225|42.3734471139736|424
-71.1039812133014|42.3734324545989|425
-71.1039759849808|42.3734825330232|426
-71.1038829200632|42.3734187428303|427
-71.1040656051087|42.3735073149435|428
-71.103995313516|42.3734250813813|429
-71.1041108653529|42.3734548556013|430
-71.1037912906594|42.3734044298377|431
-71.1038714802987|42.3734619232408|432
-71.1039292528974|42.3734459663695|433
-71.1037020635176|42.3734067845942|434
-71.1036583416225|42.3733209983785|435
-71.103672023564|42.3733392146001|436
-71.1054623383558|42.3663762043985|437
-71.0905840248532|42.3527602851785|438
-71.1015173024966|42.3442252150748|439
-71.1030550937657|42.3446332454684|440
-71.1037954174771|42.3444724910986|441
-71.1038108606401|42.3444772520257|442
-71.1038265362927|42.3444334151555|443
-71.1038286934252|42.344431537016|444
-71.1038485505925|42.3444125276792|445
-71.1038207640475|42.344432881773|446
-71.1038494513248|42.3444086187985|447
-71.1038347626788|42.3444214163485|448
-71.1038321220948|42.3444236438914|449
-71.1038466772884|42.3444116065037|450
-71.1038228079341|42.3444307074258|451
-71.102803196445|42.3447606670312|452
-71.1038767174481|42.3443533351362|453
-71.1003219906787|42.3446231350914|454
-71.1014981605621|42.3441430827085|455
-71.1038561429315|42.3443992417848|456
-71.1038442902235|42.3444065005877|457
-71.1038536979012|42.344406969171|458
-71.1038495426626|42.3444096021576|459
-71.1038414065431|42.3444004685241|460
-71.1038529677546|42.3443790252363|461
-71.103813803427|42.3444216823924|462
-71.1038480676844|42.3444111299201|463
-71.1038195880724|42.3444310068305|464
-71.1038214478971|42.3444263753544|465
-71.1038331096137|42.3444140939779|466
-71.1022262986987|42.3448088269059|467
-71.1021668996353|42.3448453595691|468
-71.1021848326537|42.3448373641093|469
-71.1021575775781|42.3447864647871|470
-71.1022048396872|42.3448656168068|471
-71.1022042108334|42.3448544715783|472
-71.1021838854372|42.3448133228084|473
-71.1021999088788|42.3448382878447|474
-71.1036530959848|42.3450799389982|475
-71.1038549487725|42.3443960810897|476
-71.1038585246923|42.3444110425079|477
-71.1038232791723|42.3444334539318|478
-71.1038496812325|42.3444142388125|479
-71.1038808951688|42.3443816218508|480
-71.1038511352274|42.3444107398105|481
-71.1038439095932|42.3444165365423|482
-71.1038371470003|42.344417522782|483
-71.1038497568072|42.344410813226|484
-71.1021612563226|42.3448974934882|485
-71.1021612089034|42.3449471132947|486
-71.102119726352|42.3448686912631|487
-71.1021985824082|42.3449044199442|488
-71.1021939507253|42.3448453560785|489
-71.1021804862625|42.3448307937477|490
-71.0929761361993|42.3488134984321|491
-71.100552538476|42.3635394964762|492
-71.1036996916599|42.3733180342637|493
-71.1042741692871|42.3730394102078|494
-71.1036292836732|42.3652576189883|495
-71.1035594811753|42.3653678686906|496
-71.103422781149|42.3654545741935|497
-71.103245482851|42.3653690847823|498
-71.103316806323|42.3651451338477|499
-71.0913930461473|42.3550394503794|500
-71.0898062680579|42.3579748347796|501
-71.1018727720446|42.3643669998668|502
-71.102232679698|42.3678804451847|503
-71.1048005330517|42.3707884011855|504
-71.1039128565591|42.3733950855064|505
-71.1036928902338|42.3733666064031|506
-71.1035914862963|42.3733615106197|507
-71.1036201741597|42.3734196485892|508
-71.1035729851516|42.3734192394389|509
-71.1034339222962|42.3733784666021|510
-71.1036414605696|42.3734130151234|511
-71.1036584875601|42.3734018123052|512
-71.1035134362893|42.3734413188923|513
-71.1037667539948|42.3734292934262|514
-71.1039225755882|42.3734517498579|515
-71.1037528639752|42.3733809301154|516
-71.1036229853744|42.373438220875|517
-71.103652474037|42.3734019245262|518
-71.1035961022637|42.3734323754769|519
-71.1036804018553|42.3733364900486|520
-71.1038399956593|42.3734179782284|521
-71.1037378737375|42.3733903779046|522
-71.1036352421553|42.3733336577348|523
-71.1039703370507|42.3734921021635|524
-71.1037989291148|42.3734758257512|525
-71.1038483694983|42.373451760263|526
-71.1040468375311|42.3734755606387|527
-71.1036570509606|42.3733593945124|528
-71.1037110578952|42.373405739377|529
-71.1040117369218|42.3733998201049|530
-71.1040077086565|42.3734178981288|531
-71.1041094919443|42.3734129955359|532
-71.1040069642302|42.3733987801995|533
-71.1040553027161|42.3733584691227|534
-71.104143067213|42.3734682708861|535
-71.1040459480799|42.3732897453405|536
-71.1041055714364|42.3734369188005|537
-71.1040265782629|42.3733986200922|538
-71.1039952258411|42.3733645867926|539
-71.1040949121837|42.3734420361659|540
-71.1040163215691|42.3734814100829|541
-71.1039503943837|42.3733959859632|542
-71.1040627256392|42.3734369425541|543
-71.1040809614316|42.3734221194814|544
-71.1040824053656|42.3734303006122|545
-71.1040825178044|42.373438134631|546
-71.1040380207474|42.3734273760758|547
-71.1037363205767|42.3733308585755|548
-71.1040404896544|42.3734211369749|549
-71.104004613245|42.3734189740123|550
-71.1039103798346|42.373407747303|551
-71.1039501252622|42.373385297975|552
-71.1039902118577|42.3734316742751|553
-71.1037283577687|42.3733660206593|554
-71.1038875244831|42.3733987174488|555
-71.103958747932|42.3734076727258|556
-71.1040946712025|42.373434237459|557
-71.1039660495179|42.3734265913324|558
-71.1041075832709|42.3734326995311|559
-71.1037652381427|42.3734723870106|560
-71.103936204103|42.3733831790895|561
-71.1037532520211|42.3733630450837|562
-71.103895278267|42.373376038134|563
-71.103959420691|42.3733917801897|564
-71.1039180607482|42.3734013253195|565
-71.1039947346515|42.3732667370163|566
-71.1040325827753|42.3734423744154|567
-71.1039165091365|42.3733996724023|568
-71.1039388617673|42.3734037735191|569
-71.1040152297801|42.3734348034673|570
-71.1040368707713|42.373443360714|571
-71.1038732808745|42.3733530706189|572
-71.1038709165243|42.3733926888013|573
-71.1040121038788|42.3733607419549|574
-71.1040646863685|42.3734327131745|575
-71.1040441169438|42.3734380150986|576
-71.1039746138295|42.3735121418605|577
-71.104075894009|42.3734332043568|578
-71.1039024596693|42.3734619558514|579
-71.1040428722405|42.373510935025|580
-71.1041588647551|42.3734977068577|581
-71.1038597334513|42.3734387332511|582
-71.1039975742827|42.373427227276|583
-71.1035857815958|42.3733069701515|584
-71.1036636981181|42.3734068281329|585
-71.1034889073813|42.3733579765177|586
-71.104209108617|42.3735106622801|587
-71.1041294454443|42.3735677593988|588
-71.1041300919717|42.3735448901325|589
-71.1040466593258|42.3735455990401|590
-71.1040741745635|42.3735120624447|591
-71.1037131865239|42.3734697048016|592
-71.1037102528579|42.3734812299184|593
-71.1039567541288|42.3735269839641|594
-71.1041550809968|42.3735550318547|595
-71.104101302873|42.37350555477|596
-71.1037665210982|42.3734396245349|597
-71.1040117610467|42.3735068828165|598
-71.1039924715376|42.3734981613628|599
-71.1038878364312|42.373548170151|600
-71.1040851753867|42.3734832834847|601
-71.1040030327356|42.3735895660169|602
-71.1041055920616|42.3734956088492|603
-71.1039392464525|42.3734758235909|604
-71.1041564386257|42.3735519326675|605
-71.1038785614735|42.3734921683021|606
-71.1039730350136|42.3735321323074|607
-71.103826845131|42.3734212993107|608
-71.1040016096464|42.3735186193768|609
-71.1040450855026|42.3734886663321|610
-71.104026071491|42.3734733192253|611
-71.1040297861745|42.37349235856|612
-71.1040218995961|42.3734836247074|613
-71.1038592806522|42.3734811654673|614
-71.1041968298751|42.3734663449519|615
-71.1038704281301|42.3734818319711|616
-71.10398212899|42.3734151249912|617
-71.103661980324|42.3733459198393|618
-71.1012559477902|42.3695331858866|619
-71.0857899953342|42.3632810404919|620
-71.0848202929563|42.3595278337992|621
-71.0923707113332|42.3571968265272|622
-71.0984339286304|42.3622115096472|623
-71.1030645948566|42.3664504476286|624
-71.1031366804393|42.3701674580352|625
-71.1040056041545|42.3735706248093|626
-71.1036418040122|42.3733786247672|627
-71.1037649866856|42.3734285077475|628
-71.1036969981922|42.3734090148531|629
-71.1038981132346|42.3735020518118|630
-71.1041153704977|42.373506057942|631
-71.1041471065881|42.3735589870212|632
-71.1039942966708|42.3734595580137|633
-71.1037817504919|42.373443176078|634
-71.1041076385319|42.3735350332689|635
-71.1039649669829|42.3734780081808|636
-71.1039778643557|42.3734429001058|637
-71.1040368230104|42.3734734656316|638
-71.1040403932644|42.3734728194995|639
-71.1039708456482|42.373460910511|640
-71.1038485542602|42.3733942257635|641
-71.1040696397331|42.3735076888229|642
-71.1050327495403|42.3663700232677|643
-71.0912271682835|42.3502740031503|644
-71.1023047505102|42.3443290318541|645
-71.1021901839679|42.3448486052846|646
-71.1022315119289|42.3448693278871|647
-71.1021486946713|42.3448672162335|648
-71.1021746329509|42.3448283953917|649
-71.1021960528422|42.3448271323994|650
-71.0892800662184|42.3504513687446|651
-71.0892356994409|42.3503588795469|652
-71.0889446084118|42.3500952590651|653
-71.0892608062798|42.3504019451136|654
-71.0891837878975|42.3503648465688|655
-71.0892354896192|42.3503472035528|656
-71.0892154180598|42.3503099083687|657
-71.089197670155|42.3502867895695|658
-71.0891390126001|42.3502389066784|659
-71.089130506096|42.3502683865912|660
-71.0891972124074|42.3502811414961|661
-71.0891603814265|42.3502691938565|662
-71.0891391433258|42.3501910907387|663
-71.0891349957124|42.3502493898837|664
-71.0891923484787|42.3502666872295|665
-71.0892438987562|42.3503682414002|666
-71.1076412997445|42.3677703677681|667
-71.1076488603248|42.3678813883927|668
-71.107620376085|42.3677722908653|669
-71.1076370933984|42.3678183390993|670
-71.1041680706081|42.3734570993602|671
-71.1040539764828|42.3734212991982|672
-71.1038094912369|42.3733738748257|673
-71.1040427829079|42.3734795209526|674
-71.1041885421066|42.3734713658488|675
-71.104120386926|42.3735546030105|676
-71.103801122542|42.373461743351|677
-71.1040856412915|42.3734151092847|678
-71.1039675149991|42.3734312314723|679
-71.1040609215934|42.3734078676805|680
-71.1039286428071|42.3733701668353|681
-71.1040257377666|42.3734063375755|682
-71.1040605545644|42.3734303730969|683
-71.1039970730766|42.3734120485153|684
-71.1039561778969|42.3733236082293|685
-71.1040640509754|42.3734364221624|686
-71.1040296133068|42.3734453330747|687
-71.1039379272056|42.3734011125714|688
-71.1040451618327|42.373445187586|689
-71.1040804769617|42.3734438022114|690
-71.1037170421994|42.3733700858824|691
-71.1039518009512|42.373426150329|692
-71.1039876830182|42.3734058009572|693
-71.1040016802755|42.3734728578034|694
-71.1040170628803|42.3734705143058|695
-71.1040986650667|42.3734498503005|696
-71.1039443594134|42.3733894061692|697
-71.1040073109408|42.3734510835099|698
-71.1040407983191|42.3734579498913|699
-71.1039641322756|42.3734427594599|700
-71.1039797859122|42.3734648603009|701
-71.1040326006794|42.3734647714354|702
-71.1038634740478|42.3732691677682|703
-71.1039634688762|42.3734399812548|704
-71.1037362367577|42.3733353848032|705
-71.1039962102605|42.3733832540872|706
-71.1038392095361|42.3734420948405|707
-71.1038592493804|42.3734931596045|708
-71.1051868849817|42.370966940619|709
-71.0923440127871|42.3572486771446|710
-71.0783969374725|42.3385588086067|711
-71.0762082903326|42.3369535268635|712
-71.0761263315297|42.3369906982801|713
-71.0761263315297|42.3369906982801|714
-71.0762890822172|42.3369122922998|715
-71.0761934519158|42.336891571219|716
-71.0762985726497|42.3369234174663|717
-71.0762216170114|42.3369722725217|718
-71.0762449989397|42.3369540618399|719
-71.0777264368451|42.3373439954988|720
-71.0840856301698|42.3421903103209|721
-71.0879824497468|42.3476335779227|722
-71.0994220136731|42.3628019553058|723
-71.1042488011251|42.373498330824|724
-71.1038566686743|42.3734375810594|725
-71.1041787459539|42.3736622616622|726
-71.10419828671|42.3736341315343|727
-71.1040094508483|42.3734447816933|728
-71.1037903036414|42.3734764441541|729
-71.1037578620679|42.373291086445|730
-71.1040552988003|42.3734453457545|731
-71.1037831754154|42.3732781783141|732
-71.1040733392977|42.3734398640389|733
-71.1040091845293|42.3734218066204|734
-71.1039142620229|42.373365857987|735
-71.1037071515537|42.3734327825181|736
-71.1039841260263|42.3733375273971|737
-71.10398857293|42.3734314649701|738
-71.1040871429967|42.3734244278159|739
-71.1041497930936|42.3734550356288|740
-71.1039865598886|42.3734239829056|741
-71.1038358137673|42.3733236082293|742
-71.103919996176|42.3734406730201|743
-71.1039722402216|42.3734214290542|744
-71.1040425590833|42.3734932727736|745
-71.1040487992841|42.3734881238798|746
-71.1034776449218|42.3734069101777|747
-71.1041105000605|42.3735053780133|748
-71.1037227418936|42.3733917531021|749
-71.1040483414099|42.3735564186937|750
-71.1040890348855|42.3735442358523|751
-71.104128462723|42.3735796953016|752
-71.1039592792011|42.3734632507361|753
-71.1040397907836|42.3735570227693|754
-71.1038862728244|42.3734116182126|755
-71.1040633990874|42.3735168411061|756
-71.1041586628662|42.3735362430219|757
-71.1011338535901|42.369191125096|758
-71.0595746617126|42.3618368989536|759
-71.0449809322894|42.3443302978262|760
-71.044830735839|42.3442321177966|761
-71.0451278339568|42.3441563854521|762
-71.0451482401866|42.3439403942165|763
-71.0455441196179|42.3438383359856|764
-71.0451917641645|42.3439855587129|765
-71.0451801773822|42.3441692954323|766
-71.0452247662843|42.3440056465539|767
-71.0448547216749|42.3442939756628|768
-71.0450008378874|42.3443097984325|769
-71.0450427843792|42.344317328647|770
-71.0446570628053|42.3435012158401|771
-71.0381725710547|42.3486989178158|772
-71.0381139815515|42.3490789113961|773
-71.0375897034406|42.348663682015|774
-71.0389250983214|42.3487694096215|775
-71.0383129041574|42.3488814677722|776
-71.0384100642699|42.3491128155576|777
-71.038052695901|42.3489154007396|778
-71.0380533157464|42.348915451913|779
-71.0380710893579|42.34893794385|780
-71.0380709823882|42.3489590920902|781
-71.0377633778785|42.3487401198692|782
-71.0379640390114|42.3488287500976|783
-71.038039807288|42.3488716695972|784
-71.0382210380521|42.349062436273|785
-71.0435211108547|42.3508002540175|786
-71.0437130090511|42.3508474510557|787
-71.0551632114471|42.3526898271242|788
-71.0854848358183|42.3623870165201|789
-71.1011398515953|42.3693123048333|790
-71.1045016721553|42.3726137867592|791
-71.1040024347628|42.3735020463594|792
-71.1042638283188|42.3735333035193|793
-71.1041984627564|42.3734895981872|794
-71.1039778051223|42.3735664104153|795
-71.1040319890386|42.3736028200845|796
-71.1040800559459|42.3736152201386|797
-71.1041409848009|42.3735237168502|798
-71.1041572391128|42.3735140666497|799
-71.1038523533262|42.3733902990413|800
-71.103880047489|42.3734682770449|801
-71.104001195565|42.3734682733318|802
-71.1039937635326|42.3734689275832|803
-71.1040536463533|42.3734701759345|804
-71.1040476376172|42.3735311004611|805
-71.1040448422379|42.3734584602446|806
-71.1041551260792|42.3734704758434|807
-71.1040895244131|42.3735187798584|808
-71.1039896579713|42.3734587505431|809
-71.1039509151745|42.3734272206754|810
-71.1039566442675|42.3734538695093|811
-71.1041464151423|42.3734962454943|812
-71.1039732524891|42.3734204900819|813
-71.1040329891096|42.3735306872283|814
-71.1041622521692|42.3734569642605|815
-71.1039727802108|42.3734798892576|816
-71.1041670947818|42.3734948106603|817
-71.1039261475724|42.3734042721501|818
-71.1040143403663|42.37347729698|819
-71.1040744692624|42.3734503669042|820
-71.104067976621|42.3734416463562|821
-71.1040485919867|42.3735057965618|822
-71.1040380261885|42.3734492367375|823
-71.1039720899083|42.3734803904614|824
-71.1040469952631|42.3735048961882|825
-71.1039402682829|42.3734848589902|826
-71.1040073777385|42.3735312884939|827
-71.1040358896054|42.3734963026081|828
-71.1040810640531|42.3735320170844|829
-71.1041039156403|42.3734015888978|830
-71.1039922894295|42.3734461251678|831
-71.1040019591454|42.3734401188373|832
-71.1040169763909|42.3734768519044|833
-71.1040462108652|42.3734938672062|834
-71.1040250325967|42.3734646523143|835
-71.1039562184956|42.3734477781487|836
-71.1041763022274|42.3734971379699|837
-71.1039705766467|42.3735242909275|838
-71.1041463250487|42.3734803383226|839
-71.1040996861755|42.3735625696257|840
-71.1041538935193|42.3734555248296|841
-71.1041330470917|42.3734682662754|842
-71.1041534272549|42.3734704231556|843
-71.10405860819|42.373509273399|844
-71.104103841495|42.3734552518016|845
-71.1039089126689|42.3734908252552|846
-71.1041524471691|42.3735168583631|847
-71.1040748445474|42.3734865352433|848
-71.1038690049232|42.3733400661251|849
-71.1039666417166|42.373375283738|850
-71.1038980257546|42.3734586140862|851
-71.1037123483337|42.373357219661|852
-71.1040860997872|42.3734367942362|853
-71.1039527418337|42.3734381159044|854
-71.10375821934|42.3734472930039|855
-71.1041022386905|42.3735379019312|856
-71.104140554603|42.3736086063751|857
-71.1042686509228|42.3736101675661|858
-71.1045581661827|42.3706129845626|859
-71.0953614582038|42.3603726877294|860
-71.0969997849977|42.3481321335233|861
-71.1019189666094|42.3446165687829|862
-71.1022457888488|42.3448834803444|863
-71.1022361193408|42.3449330771899|864
-71.1020896332928|42.3445378556456|865
-71.1021177966479|42.3445943455063|866
-71.1020718285485|42.3445258139254|867
-71.1021007372337|42.3445629413382|868
-71.1021031468824|42.3445544164955|869
-71.1020874036561|42.3445490326765|870
-71.1022077390341|42.3448433809755|871
-71.1033566824548|42.3448895393713|872
-71.1038254564186|42.3444208363488|873
-71.1038338426537|42.3444263491797|874
-71.1038483779526|42.3444186455303|875
-71.1038509668326|42.3444109097684|876
-71.1038451917151|42.3444124118941|877
-71.1016527388563|42.3440336096539|878
-71.102483625965|42.3445225947373|879
-71.1020400785681|42.3443756722599|880
-71.1013524155793|42.34410297347|881
-71.0886580311424|42.3488292145006|882
-71.0713074077583|42.353697130496|883
-71.0783734359509|42.3517707176901|884
-71.0958951339788|42.3486788431577|885
-71.1016128173784|42.3439481076492|886
-71.1017021567378|42.3443243187901|887
-71.1022464038466|42.3448145666761|888
-71.1022019938645|42.3443488891814|889
-71.1022511101287|42.3448821751759|890
-71.1022220855664|42.344855427358|891
-71.1038432562779|42.3444014520657|892
-71.1038314257847|42.3444149530471|893
-71.1038391017312|42.3443960094015|894
-71.1037014998426|42.3451060797213|895
-71.1032208650049|42.3448120120626|896
-71.1021803570921|42.3448762796331|897
-71.10221694325|42.344812781045|898
-71.1021544246688|42.3448874881304|899
-71.1021883872839|42.3449398145984|900
-71.1021463404528|42.3449413165918|901
-71.1022207334263|42.3448834610156|902
-71.1021351630415|42.344814213275|903
-71.1021940163547|42.3448201941482|904
-71.1021837026374|42.3448338423386|905
-71.1021632985966|42.344829347741|906
-71.1022191775704|42.3448674017237|907
-71.1021767304467|42.3447701332535|908
-71.1022405407095|42.3448516696683|909
-71.102156478724|42.3448010965855|910
-71.1021986391362|42.3448445085868|911
-71.1023082435227|42.3442148100062|912
-71.0990474842149|42.341738323489|913
-71.098882276631|42.3416042654238|914
-71.0818989032774|42.3453783521834|915
-71.0828445107407|42.34600120228|916
-71.0643988914337|42.3523397670592|917
-71.0508306226168|42.3596179563728|918
-71.0509442340815|42.3605396625096|919
-71.0448786803252|42.3561081011243|920
-71.0176512413388|42.3453563405595|921
-70.9959237557566|42.3347129580028|922
-71.0198994354075|42.3493592860572|923
-71.0199291073447|42.3494068114481|924
-71.0416770447707|42.3638652591429|925
-71.0458803177542|42.3658653488777|926
-71.0458354745722|42.3657892831064|927
-71.0458102450436|42.3657950247101|928
-71.0496239271677|42.3609098000846|929
-71.0527729499813|42.3602089340307|930
-71.0553202420617|42.3601333346434|931
-71.0551257190957|42.3599951364072|932
-71.0548981559193|42.3600484757147|933
-71.055628716483|42.3599459257558|934
-71.0588528754807|42.3597935635021|935
-71.1033965040417|42.3651863356671|936
-71.1018630924108|42.3696219768161|937
-71.1040794756926|42.3736364627652|938
-71.1041279403097|42.3734748544574|939
-71.1036834017548|42.3733368558586|940
-71.103363564644|42.3733369027907|941
-71.1040743995671|42.3735025273216|942
-71.1039107113693|42.3734932902369|943
-71.1040739510951|42.3735173972888|944
-71.1041262954604|42.3735718504364|945
-71.10407798271|42.3735346298299|946
-71.1040276053661|42.3736014374053|947
-71.1037459666409|42.3734407786507|948
-71.1037119292385|42.3733700439729|949
-71.1040499758113|42.373454279048|950
-71.1039503388463|42.3734257167452|951
-71.1039811482788|42.3734544383315|952
-71.1039692386166|42.3734563987714|953
-71.1040761747729|42.3734651698452|954
-71.1037198082275|42.3733316548563|955
-71.1039311248035|42.3734284823907|956
-71.1039193995404|42.373458434716|957
-71.1040314718152|42.373499813464|958
-71.1039829853262|42.3734549036637|959
-71.1038688183305|42.373410428054|960
-71.1040886957861|42.3734233109675|961
-71.1039678965814|42.3734748537415|962
-71.1039901759621|42.3734553703818|963
-71.1038958361416|42.3734192833917|964
-71.1040734263939|42.3734527826663|965
-71.1039356266889|42.373446551779|966
-71.1038077343918|42.3733088141702|967
-71.1040126004217|42.3734713929154|968
-71.1040127176055|42.3734668038919|969
-71.1039377167437|42.3734450860269|970
-71.1040570317081|42.3734639561341|971
-71.1039903496114|42.3734387598623|972
-71.103906054116|42.3734802659996|973
-71.1040232814505|42.3734547672808|974
-71.1040601198989|42.3734545483528|975
-71.1040588201683|42.3734677641678|976
-71.1039045220706|42.3734191469814|977
-71.1039144492499|42.3733922167105|978
-71.1039317027397|42.3732393701024|979
-71.1040061777756|42.3734113534179|980
-71.1039570827248|42.3733976230469|981
-71.1040199536077|42.3734580352921|982
-71.1039853904119|42.3734471996733|983
-71.1040648667408|42.3734621064103|984
-71.1037597899056|42.3733354686223|985
-71.1040645377797|42.3734280371132|986
-71.1038795720403|42.3733954088411|987
-71.1039732543241|42.3734114002368|988
-71.1039789258936|42.3734099127074|989
-71.1038585705327|42.3734040556973|990
-71.1037544254876|42.3733581835799|991
-71.1040456995745|42.3734499113799|992
-71.1040703859371|42.3734522690936|993
-71.1040342209023|42.3734565697773|994
-71.103955484658|42.3734286582832|995
-71.1038246335169|42.3733769662176|996
-71.1037352888895|42.3733812849302|997
